Sample	fastp-pct_duplication	fastp-after_filtering_q30_rate	fastp-after_filtering_q30_bases	fastp-filtering_result_passed_filter_reads	fastp-after_filtering_gc_content	fastp-pct_surviving	fastp-pct_adapter	fastp-before_filtering_read1_mean_length	fastp-before_filtering_read2_mean_length	qualimap_bamqc-avg_gc	qualimap_bamqc-median_insert_size	qualimap_bamqc-1_x_pc	qualimap_bamqc-10_x_pc	qualimap_bamqc-median_coverage	qualimap_bamqc-mean_coverage	qualimap_bamqc-general_error_rate	qualimap_bamqc-percentage_aligned	qualimap_bamqc-mapped_reads	qualimap_bamqc-mapped_paired_reads	qualimap_bamqc-total_reads	qualimap_bamqc-ns	qualimap_bamqc-duplication_rate	samtools_stats-error_rate	samtools_stats-non_primary_alignments	samtools_stats-reads_mapped	samtools_stats-reads_mapped_percent	samtools_stats-reads_properly_paired_percent	samtools_stats-reads_MQ0_percent	samtools_stats-raw_total_sequences	samtools_stats-insert_size_average
plate0-A1	17.549300000000002	95.2878	384.153103	2911934	49.785000000000004	91.39430316855413	15.93793332458707	150.0	150.0	48.09505983483679	282	98.9977689357211	97.77922454959104	28	28.4766	0.13	100.0	883338	883338	883338	4728	46.92	0.1305223	0	883338	100.0	100.0	1.7120286911691787	883338	290.9
plate0-A10	12.570300000000001	93.4832	2316.7907259999997	17330836	46.1879	93.87202842739059	10.084911901586562	150.0	150.0	48.27295434593876	451	98.76080357981813	98.53006110572429	50	50.9208	0.12	100.0	1417930	1417930	1417930	6613	47.55	0.12080610000000001	0	1417930	100.0	100.0	1.552474381669053	1417930	430.6
plate0-A11	12.8811	92.6939	2026.251299	15084698	46.4613	92.35747275996961	7.502050456537301	150.0	150.0	48.13035627921974	455	98.95594422810358	96.86602284219094	22	22.9678	0.13	100.0	642774	642774	642774	3667	38.9	0.1349855	0	642774	100.0	100.0	2.1810154113265314	642774	433.7
plate0-A12	15.445300000000001	95.8203	389.21054499999997	2864412	48.8868	93.33269035142654	12.393932423036043	150.0	150.0	48.0887724744535	324	98.96504302341812	98.684294363631	38	38.1776	0.12	100.0	1104200	1104200	1104200	6377	43.9	0.12184439999999999	0	1104200	100.0	100.0	1.5036225321499728	1104200	318.3
plate0-A2	12.8557	93.878	2602.657967	19097356	44.4002	94.11535922005315	7.2948713235348475	150.0	150.0	48.24518089213064	450	99.00976843689887	98.88650083389095	117	118.7126	0.12	100.0	3246698	3246698	3246698	19546	57.19	0.1204346	0	3246698	100.0	100.0	2.200297040254437	3246698	445.1
plate0-A3	12.6022	93.26259999999999	2568.205289	19063690	44.2221	92.9850460601482	8.441885937529266	150.0	150.0	48.33257575757576	384	53.483834514978426	0.5335315399698674	1	1.5881	0.12	100.0	44348	44348	44348	285	26.26	0.12155110000000001	0	44348	100.0	100.0	3.413908180752232	44348	373.5
plate0-A4	12.3642	93.6477	2334.083348	17196990	44.6822	93.30461290852192	7.587969367725646	150.0	150.0	48.201705727791676	444	98.96680328082229	98.7241108902663	39	39.7605	0.12	100.0	1094044	1094044	1094044	6600	42.97	0.116652	0	1094044	100.0	100.0	1.8579691493212338	1094044	434.0
plate0-A5	12.615000000000002	93.33	2071.711324	15507750	45.8744	92.95972767180203	9.540346658814796	150.0	150.0	48.07898162975693	487	98.85434514581749	98.56318369575216	37	37.9368	0.13	100.0	1051742	1051742	1051742	6040	42.61	0.1317457	0	1051742	100.0	100.0	1.9226198059980488	1051742	470.9
plate0-A6	18.3913	95.245	2178.4622919999997	15524558	48.8431	94.74154502990928	4.49578975505028	150.0	150.0	47.986949514810036	427	99.1350194285312	99.02972628493212	380	404.1359	0.15	100.0	11246188	11246188	11246188	66215	71.18	0.1518279	0	11246188	100.0	100.0	3.6838793731707136	11246188	420.8
plate0-A7	12.792300000000001	93.9323	1538.9199879999999	11588708	44.804899999999996	94.14177886547078	12.145367212554893	150.0	150.0	48.41047767887478	327	80.87101007288705	4.8073125555193865	3	3.6	0.13999999999999999	100.0	107968	107968	107968	719	31.31	0.138936	0	107968	100.0	100.0	2.1487848251333728	107968	319.4
plate0-A8	13.5656	94.2739	1990.382918	14645274	45.042	94.22513963331825	8.951240094160326	150.0	150.0	48.16267288591851	433	98.91102047576038	98.78311670184289	106	106.4456	0.13	100.0	2971846	2971846	2971846	17654	56.12	0.1273313	0	2971846	100.0	100.0	1.7884506801496443	2971846	415.7
plate0-A9	17.1186	94.89410000000001	1726.74946	12699828	47.9054	94.20053592671664	10.46954485096606	150.0	150.0	48.044714276200985	419	99.12111091580243	98.99997545556577	307	319.0414	0.15	100.0	9144140	9144140	9144140	52739	70.27	0.1527702	0	9144140	100.0	100.0	2.896138948003858	9144140	397.9
plate0-B1	8.32354	96.0034	429.618379	4497130	49.7858	94.39997816919295	60.61667831676081	150.0	150.0	48.4884448305821	80	99.13772179553197	98.1407715034656	28	28.3702	0.12	100.0	1190418	1190418	1190418	4866	70.29	0.1169306	0	1190418	100.0	100.0	2.09069419313216	1190418	138.9
plate0-B10	7.760209999999999	95.8017	2944.3537149999997	25621050	46.0996	97.90450155009108	43.16538036938519	150.0	150.0	48.13239498225035	190	99.039420096834	98.87812101695276	201	204.3529	0.12	100.0	6626062	6626062	6626062	27748	71.7	0.1181134	0	6626062	100.0	100.0	1.6003925106647054	6626062	246.3
plate0-B11	8.47096	95.3745	5242.450831	42000986	42.9429	97.33609415275485	29.856047467752035	150.0	150.0	48.259472748623075	301	99.05583263770109	98.93377986022564	174	175.2043	0.11	100.0	5253556	5253556	5253556	28964	66.75	0.11314999999999999	0	5253556	100.0	100.0	1.8540394353843377	5253556	316.1
plate0-B2	5.20294	96.1797	1660.720754	22275202	42.5429	98.40410530694382	80.21909436706876	150.0	150.0	46.578191907884694	58	99.23756062041387	99.00580165965002	129	159.8597	0.09	100.0	9270318	9270318	9270318	26851	91.04	0.09406517	0	9270318	100.0	100.0	2.274075171962817	9270318	72.2
plate0-B3	8.61826	95.41929999999999	3974.642379	31979066	42.013400000000004	97.60245000902498	30.771887012006303	150.0	150.0	48.15897686941622	306	98.96417529089493	98.62918095222983	30	30.2485	0.11	100.0	903784	903784	903784	4875	45.42	0.11158889999999999	0	903784	100.0	100.0	1.9005647367070007	903784	313.1
plate0-B4	7.07354	95.7086	2965.113319	26919614	44.1783	98.16200317536025	47.62639268427336	150.0	150.0	47.83690435682105	244	99.06227865073048	98.94642396270635	181	181.4467	0.12	100.0	5716008	5716008	5716008	30633	69.29	0.1192904	0	5716008	100.0	100.0	1.8148679987851661	5716008	268.5
plate0-B5	6.828919999999999	95.89	2312.778759	21354546	46.7486	97.96836226722557	50.7179804554582	150.0	150.0	48.73580596429039	131	99.03406494754805	98.75220063165969	41	41.4861	0.12	100.0	1459076	1459076	1459076	6748	59.47	0.124453	0	1459076	100.0	100.0	2.355737466725517	1459076	180.3
plate0-B6	8.93173	96.1931	2022.047767	17577334	46.9663	97.9769539751734	41.67289752653722	150.0	150.0	47.70089570116285	216	99.12894530086889	99.0099915681191	419	420.5939	0.12	100.0	13515958	13515958	13515958	71813	78.85	0.1179415	0	13515958	100.0	100.0	1.8769146811494977	13515958	254.3
plate0-B7	8.09941	95.37480000000001	2038.684755	18975764	45.002399999999994	96.80219244184629	46.58418584701288	150.0	150.0	48.03996828962145	253	78.64244982212723	5.252732055849249	3	3.7038	0.11	100.0	120076	120076	120076	628	41.7	0.114452	0	120076	100.0	100.0	2.5009160864785636	120076	281.1
plate0-B8	5.69445	95.84270000000001	2534.564355	24729036	48.876799999999996	98.24782300876518	56.99891061046338	150.0	150.0	47.73243713827536	96	99.05657640843525	98.93320963599612	246	247.5675	0.12	100.0	9686270	9686270	9686270	42970	79.95	0.1220547	0	9686270	100.0	100.0	1.9469000967348629	9686270	142.4
plate0-B9	6.213509999999999	96.3218	1394.110082	13437396	45.1577	98.34596001549835	58.155623705208235	150.0	150.0	47.39721050955722	116	99.1261189720791	99.00500830420025	253	255.8075	0.12	100.0	9292152	9292152	9292152	44076	77.88	0.1234466	0	9292152	100.0	100.0	2.083026622896397	9292152	167.9
plate0-C1	74.28099999999999	92.0974	7.412927	64750	61.17700000000001	24.430827742855634	4.444712753835358	150.0	150.0	45.5	59	0.004462624404952422	0.0	0	0.0001	0.0	100.0	4	4	4	0	50.0	0.0	0	0	100.0	100.0	0.0	0	0.0
plate0-C10	34.8455	94.0094	72.533475	555008	51.7919	63.22010074063273	8.430592164465574	150.0	150.0	44.83333333333333	319	0.03852732402942258	0.0	0	0.0009	0.11	100.0	26	26	26	0	43.75	0.11025360000000001	0	26	100.0	100.0	0.0	26	308.5
plate0-C11	30.7831	93.9506	114.92465399999999	919268	51.0134	68.63733021133238	16.87523146212384	150.0	150.0	48.10773819968416	201	44.56411440086416	0.5800420032125937	0	1.3636	0.13999999999999999	100.0	43012	43012	43012	237	37.08	0.1374729	0	43012	100.0	100.0	3.343253045661676	43012	239.8
plate0-C12	69.1587	93.1328	13.850235999999999	114824	57.7755	30.312245910814035	4.4746095606171	150.0	150.0	51.791666666666664	210	0.11183832605966876	0.0	0	0.0016	0.11	100.0	56	56	56	0	28.57	0.0	0	0	100.0	100.0	0.0	0	0.0
plate0-C2	51.751400000000004	93.2288	16.979236	132864	59.0363	41.96456207953002	4.554499226177316	150.0	150.0	52.1111111111111	66	0.037634799148432097	0.0	0	0.0007	0.0	100.0	36	36	36	0	89.47	0.0	0	0	100.0	100.0	0.0	0	0.0
plate0-C3	15.652199999999999	94.2812	673.12718	4949646	46.4293	90.54287905240375	8.66478665474464	150.0	150.0	48.14451285766027	269	23.91468354662612	0.23577532272831964	0	0.6359	0.21	100.0	18344	18344	18344	54	25.47	0.20593450000000002	0	18344	100.0	100.0	5.8329699084169215	18344	270.8
plate0-C4	59.826	94.40180000000001	38.38614	298010	59.9524	40.78886857117829	4.9391198659761075	150.0	150.0	51.166666666666664	254	0.04202304647996864	0.0	0	0.0006	0.08	100.0	18	18	18	0	12.5	0.07716049	0	18	100.0	100.0	66.66666666666666	18	231.0
plate0-C5	31.839299999999998	94.72749999999999	90.774686	717566	48.7827	72.13371506234594	14.587664309007492	150.0	150.0	46.61904761904762	224	0.26512947436978446	0.0	0	0.0058	0.13999999999999999	100.0	188	188	188	0	41.32	0.1402465	0	188	100.0	100.0	3.1914893617021276	188	222.4
plate0-C6	22.4351	92.7745	281.181329	2188542	59.026	80.67120397387903	12.298058620318505	150.0	150.0	47.57547030069619	92	39.09308563453933	1.9637778693993133	0	1.6247	0.19	100.0	66640	66640	66640	203	60.18	0.1893601	0	66640	100.0	100.0	5.99639855942377	66640	136.2
plate0-C7	38.905499999999996	93.2033	55.719038	427866	56.4276	61.56646512203475	7.70541292667555	150.0	150.0	48.8743961352657	403	1.653352757319262	0.0	0	0.0225	0.11	100.0	656	656	656	6	24.66	0.0	0	0	100.0	100.0	0.0	0	0.0
plate0-C8	20.8519	95.134	20.169223	151004	53.926399999999994	85.48396227483215	12.236903184900875	150.0	150.0	48.65269461077845	272	1.1104744984567998	0.0	0	0.0173	0.12	100.0	526	526	526	0	36.21	0.0	0	0	100.0	100.0	0.0	0	0.0
plate0-C9	70.6667	90.003	35.85854	270232	85.0375	100.0	3.489594126528316	150.0	150.0	51.12820512820512	228	0.38435592305543	0.0	0	0.0057	0.67	100.0	212	212	212	2	34.67	0.6648127	0	212	100.0	100.0	13.679245283018867	212	241.5
plate0-D1	23.3385	95.4895	56.958247	646696	49.7079	76.03250594907777	50.852387625918226	150.0	150.0	48.9756530560487	87	24.201977388873836	0.6027765953200458	0	0.927	0.15	100.0	38248	38248	38248	183	61.22	0.1508718	0	38248	100.0	100.0	5.655197657393851	38248	129.1
plate0-D11	9.1927	95.5663	3909.997266	30952986	43.0044	97.91563264130899	28.17738158934735	150.0	150.0	48.342891809984614	295	99.05057665784638	98.90415299264832	132	132.105	0.11	100.0	3930046	3930046	3930046	17917	63.22	0.11181369999999999	0	3930046	100.0	100.0	1.8680697376061248	3930046	305.9
plate0-D2	41.706700000000005	95.7409	26.269548	306032	44.2991	59.38102722316005	38.03907872014281	150.0	150.0	46.61829025844931	79	15.872761652965997	0.43998997397050355	0	0.5748	0.12	100.0	24532	24532	24532	67	60.08	0.1221554	0	24532	100.0	100.0	6.770748410239687	24532	130.4
plate0-D3	8.06091	95.29769999999999	4932.619917	38966164	42.2145	97.80174154938129	27.24526287514626	150.0	150.0	48.339144428957184	302	98.97357159450314	98.74902720986061	36	36.6645	0.12	100.0	1081852	1081852	1081852	6043	45.16	0.1155362	0	1081852	100.0	100.0	1.9126460920717439	1081852	302.7
plate0-D4	6.40632	93.7463	1633.0927769999998	15645806	45.5674	100.0	55.92641248395896	150.0	150.0	48.93533388412806	171	99.21817299661014	99.05855979705967	81	81.8757	0.16	100.0	2674024	2674024	2674024	18678	59.36	0.1599141	0	2674024	100.0	100.0	2.456335470437064	2674024	189.2
plate0-D5	13.3774	95.88550000000001	228.94449899999998	2377010	46.3876	89.81297669255376	52.95784588807923	150.0	150.0	48.216240070609004	126	15.828804802577215	0.14260564209603518	0	0.5125	0.13	100.0	18856	18856	18856	74	50.71	0.1305889	0	18856	100.0	100.0	6.798896902842596	18856	160.4
plate0-D6	14.1209	96.3161	157.07098299999998	1648398	47.4135	88.84087418146541	59.06944407017166	150.0	150.0	47.73116708063245	95	99.12433392231712	98.70720250224309	32	32.5586	0.12	100.0	1278240	1278240	1278240	5605	65.68	0.1178925	0	1278240	100.0	100.0	2.048441607209914	1278240	143.7
plate0-D7	6.687139999999999	95.8283	1228.2881989999998	13154166	43.8605	96.530720583856	64.28016539611806	150.0	150.0	48.19086826347305	129	35.452972492135245	0.6339901737969075	0	1.2765	0.13	100.0	45406	45406	45406	165	49.15	0.1254632	0	45406	100.0	100.0	3.990662027044884	45406	168.8
plate0-D8	36.3084	95.753	56.721812	579462	50.09479999999999	64.51168300253389	33.608393414589614	150.0	150.0	47.25	85	10.344710463688989	0.3069293896295055	0	0.388	0.11	100.0	16232	16232	16232	69	61.34	0.1074244	0	16232	100.0	100.0	5.446032528339083	16232	126.9
plate0-D9	36.8529	96.0024	60.743930999999996	583016	46.668	65.08574784039581	33.61368928939031	150.0	150.0	48.387522368141695	119	93.24450396814083	35.632419577929944	8	8.124	0.13	100.0	300292	300292	300292	1300	53.12	0.1278596	0	300292	100.0	100.0	1.8874961703941497	300292	152.5
plate0-E1	7.981109999999999	95.9272	1833.520552	16103094	57.231	97.40794630792587	41.18042522436725	150.0	150.0	48.33441985587212	100	98.74994452709942	98.59191803844848	75	75.3653	0.15	100.0	2991924	2991924	2991924	10324	70.91	0.1451941	0	2991924	100.0	100.0	2.054530796905269	2991924	123.5
plate0-E10	10.381400000000001	95.4651	2074.6823529999997	16440056	57.4002	97.48711798699986	26.749223663624573	150.0	150.0	48.08028220147494	103	99.14404384677232	98.9818026572945	91	91.0515	0.18	100.0	3585174	3585174	3585174	15713	72.92	0.1839451	0	3585174	100.0	100.0	2.419603623143535	3585174	120.4
plate0-E11	10.2583	95.5389	1896.5758899999998	15318354	58.308800000000005	97.47261724155177	26.521687506116553	150.0	150.0	47.9702690320848	77	99.16179517496091	98.7044505505267	31	31.1877	0.19	100.0	1407500	1407500	1407500	5534	75.43	0.1851482	0	1407500	100.0	100.0	2.402202486678508	1407500	100.4
plate0-E12	9.097389999999999	96.0745	2777.9489989999997	21920042	49.775999999999996	98.41272078954866	31.66755456440647	150.0	150.0	48.156180173273995	190	99.1556962549408	99.03731274642054	523	518.0889	0.16	100.0	15981942	15981942	15981942	89221	78.54	0.1565595	0	15981942	100.0	100.0	2.162015104297087	15981942	196.6
plate0-E2	7.9167000000000005	95.71260000000001	2003.703407	17610278	54.623200000000004	97.72978568157485	42.685165884951715	150.0	150.0	48.172704360655636	116	99.07737719663389	98.96179522454563	218	217.2702	0.18	100.0	8108502	8108502	8108502	37296	76.58	0.1803431	0	8108502	100.0	100.0	2.273033909346017	8108502	136.6
plate0-E3	6.74652	94.6654	2211.5119059999997	18674090	54.944199999999995	100.0	40.69688000861086	150.0	150.0	49.19513022418342	186	99.43240376040566	99.2268999065576	75	77.8933	0.43	100.0	2460050	2460050	2460050	18082	54.8	0.4309342	0	2460050	100.0	100.0	5.684030812381862	2460050	190.3
plate0-E4	5.2854	95.6199	1810.561505	18041834	57.07020000000001	97.8840849061374	58.84806049706606	150.0	150.0	48.18874271191509	99	99.13065597355747	98.08786461190911	26	26.3876	0.22	100.0	1049442	1049442	1049442	4359	66.35	0.224654	0	1049442	100.0	100.0	3.8686273276655596	1049442	119.0
plate0-E5	5.50115	95.36710000000001	1597.684329	14531866	59.482	98.04214798752669	48.987333744432284	150.0	150.0	48.22059111372087	120	97.90219464430528	61.464221776565815	11	11.3197	0.15	100.0	413964	413964	413964	1934	54.77	0.1526197	0	413964	100.0	100.0	2.496593906716526	413964	138.8
plate0-E6	7.38187	95.1894	2069.054694	19290716	55.7225	97.32751293691445	47.29946609591505	150.0	150.0	48.35031117391808	83	99.08372404023204	98.93003621419705	62	61.7594	0.16	100.0	2707312	2707312	2707312	10511	77.3	0.1568406	0	2707312	100.0	100.0	2.2577375640487687	2707312	102.5
plate0-E7	8.99104	95.7255	1679.8203589999998	15081870	56.5152	97.51331784003489	41.5662602305167	150.0	150.0	47.91620780464449	126	26.659594233396742	0.522771656682371	0	0.9884	0.16	100.0	36140	36140	36140	80	50.59	0.1553704	0	36140	100.0	100.0	6.6353071389042615	36140	145.2
plate0-E8	7.00626	95.63239999999999	1928.1719329999999	16080504	56.5837	98.00024816200444	38.30615780616987	150.0	150.0	48.06553191489362	137	98.9612250003161	98.76598518259944	48	48.4233	0.16	100.0	1682972	1682972	1682972	8490	59.41	0.1579047	0	1682972	100.0	100.0	2.105442039439753	1682972	147.6
plate0-E9	11.8247	95.35940000000001	1787.181679	14374008	59.11769999999999	97.00816301573605	25.015917185552745	150.0	150.0	48.14525010537194	75	98.80830573737306	90.68704829873602	18	18.0985	0.13999999999999999	100.0	820698	820698	820698	2571	73.7	0.14446350000000002	0	820698	100.0	100.0	2.487273028568365	820698	103.4
plate0-F1	13.0304	96.4522	2256.931271	16396452	49.6803	98.29309478272046	12.859734656724605	150.0	150.0	48.00418957912734	286	99.04574214807434	98.90692973672252	362	367.7262	0.13	100.0	10530618	10530618	10530618	63879	71.45	0.1313402	0	10530618	100.0	100.0	2.1602245946059386	10530618	285.5
plate0-F10	18.5518	95.841	226.82452099999998	1680414	54.7595	88.71159153730987	14.33458414016357	150.0	150.0	40.0	251	0.011354899874823386	0.0	0	0.0002	0.0	100.0	6	6	6	0	50.0	0.0	0	6	100.0	100.0	0.0	6	253.0
plate0-F11	15.312000000000001	96.4448	1836.338245	13171930	46.8391	97.97625736741188	9.928635833288332	150.0	150.0	47.94943272264508	295	99.01014032226594	98.85838630013976	220	224.4073	0.13999999999999999	100.0	6392630	6392630	6392630	38252	65.42	0.1419905	0	6392630	100.0	100.0	1.6845023096910037	6392630	296.0
plate0-F12	13.4102	96.48679999999999	677.123033	4972384	48.678399999999996	96.17436621113092	15.836172695088136	150.0	150.0	47.933524296712555	249	99.02057790490197	98.92396208653474	133	135.3029	0.13999999999999999	100.0	3917684	3917684	3917684	23121	59.91	0.13699840000000002	0	3917684	100.0	100.0	2.1698789386790764	3917684	251.4
plate0-F2	14.524000000000001	96.5251	2078.511574	15264186	48.3214	97.45355881196978	15.12898265700213	150.0	150.0	48.04488423118107	270	99.08250921469958	98.96154730096757	408	424.0186	0.13999999999999999	100.0	12343128	12343128	12343128	73734	73.49	0.1360771	0	12343128	100.0	100.0	2.3169005457935783	12343128	269.2
plate0-F3	11.5676	96.0519	2268.824635	16503748	54.3427	97.80265417605459	12.243118923538065	150.0	150.0	48.07509310690136	279	98.88362492038554	98.7273834814966	65	65.851	0.15	100.0	1900948	1900948	1900948	11514	49.29	0.14924590000000001	0	1900948	100.0	100.0	1.964966953330654	1900948	279.0
plate0-F4	12.3239	95.6356	2891.93007	20996780	51.151199999999996	100.0	13.197194998471193	150.0	150.0	48.26723642842944	249	99.25851016275935	99.1069296871378	391	402.6784	0.16	100.0	11387860	11387860	11387860	99379	71.46	0.16428669999999998	0	11387860	100.0	100.0	2.6537821855906203	11387860	261.7
plate0-F5	16.0687	96.3391	2167.742883	15641736	48.823699999999995	97.31388731555964	10.846009279379809	150.0	150.0	47.93310508838766	288	98.89445918074645	98.77533190149202	347	359.6542	0.13999999999999999	100.0	10321604	10321604	10321604	60680	71.17	0.1352291	0	10321604	100.0	100.0	2.1909579170059224	10321604	289.4
plate0-F6	14.918600000000001	96.7089	1965.875867	14130922	49.236799999999995	97.47883612483099	11.02487514141442	150.0	150.0	47.963279101133146	286	99.07574090101875	98.95582026631455	269	279.1364	0.12	100.0	7986360	7986360	7986360	39213	68.26	0.1212529	0	7986360	100.0	100.0	2.2920704801686878	7986360	288.3
plate0-F7	15.8135	96.28320000000001	1108.929799	8110772	52.378	95.4534809194767	13.658057684191796	150.0	150.0	48.31230082855323	235	12.859225769375042	0.052782929767465035	0	0.3427	0.15	100.0	10196	10196	10196	30	29.86	0.15291470000000001	0	10196	100.0	100.0	4.835229501765398	10196	229.2
plate0-F8	14.031199999999998	96.2485	1819.711662	13092118	50.4962	97.46045301580509	11.206645117172583	150.0	150.0	48.04856404867175	262	99.04361000530308	98.91741690407416	201	206.3965	0.13999999999999999	100.0	5896686	5896686	5896686	35536	64.75	0.138696	0	5896686	100.0	100.0	2.141423165486512	5896686	268.2
plate0-F9	13.3174	96.4871	1729.416689	12529740	49.9792	97.92344837740683	12.726779938234264	150.0	150.0	48.121726638525644	257	99.17181128751425	99.04725448190047	122	125.5041	0.15	100.0	3707600	3707600	3707600	17255	57.95	0.1470068	0	3707600	100.0	100.0	2.304644513971302	3707600	258.9
plate0-G1	8.89914	95.5458	2075.8184889999998	16870432	54.799299999999995	96.36275610302772	32.361726127495345	150.0	150.0	47.84366031194175	135	99.14508512580014	99.03493268007124	204	205.4777	0.31	100.0	7239934	7239934	7239934	35232	73.84	0.306431	0	7239934	100.0	100.0	2.354137482468763	7239934	145.5
plate0-G10	12.1206	95.7933	2058.358081	14974728	55.4915	97.3421312717098	11.660583566763679	150.0	150.0	47.90585810098604	254	99.08803791049017	98.95631611347065	167	169.1922	0.13999999999999999	100.0	4992018	4992018	4992018	28737	62.81	0.14218060000000002	0	4992018	100.0	100.0	2.194783752782943	4992018	255.1
plate0-G11	12.683300000000001	95.94510000000001	1707.206623	12814890	51.8997	96.99345706721662	17.560167113251637	150.0	150.0	47.89469098973047	260	99.12706108167569	99.00277699199778	248	252.6001	0.16999999999999998	100.0	7646060	7646060	7646060	43876	69.08	0.1684583	0	7646060	100.0	100.0	2.195732181018721	7646060	261.1
plate0-G12	14.090900000000001	96.23230000000001	2197.3104479999997	15765778	49.2877	97.77806361729104	9.425414616829377	150.0	150.0	47.893337657926985	315	99.12401162166564	99.00723961640273	411	420.4815	0.15	100.0	11909592	11909592	11909592	72514	72.51	0.15287040000000002	0	11909592	100.0	100.0	2.6580003748239234	11909592	315.7
plate0-G2	10.827399999999999	95.7212	2317.498923	17013708	49.9217	100.0	15.523941048006701	150.0	150.0	48.206623049269304	252	99.26614620896338	99.12192906361	447	448.442	0.16	100.0	12646586	12646586	12646586	111905	73.41	0.1565591	0	12646586	100.0	100.0	2.349993903493006	12646586	258.3
plate0-G3	10.7131	95.4399	3926.909678	28419740	54.6609	97.5949660591685	10.833346382744448	150.0	150.0	48.02210529709295	261	99.00567769786099	98.8206523315601	146	145.5945	0.13999999999999999	100.0	4114514	4114514	4114514	25438	58.78	0.1442951	0	4114514	100.0	100.0	1.6644493128471554	4114514	267.8
plate0-G4	11.1449	94.7761	3388.2173829999997	24670584	56.6059	96.86224786866873	9.27892455375123	150.0	150.0	48.02736946109544	290	99.04829576092828	98.92411084068158	134	134.5112	0.13999999999999999	100.0	3835130	3835130	3835130	22372	57.59	0.1410567	0	3835130	100.0	100.0	1.9195437964293258	3835130	291.1
plate0-G5	11.629399999999999	95.6763	2062.281489	15456576	58.118199999999995	97.14563622049678	17.891301754552245	150.0	150.0	47.64304014255653	161	99.07794742086341	98.93598638007032	70	71.2066	0.18	100.0	2384502	2384502	2384502	12278	59.64	0.1777463	0	2384502	100.0	100.0	2.263743121205182	2384502	174.8
plate0-G6	11.612599999999999	96.028	2269.78888	17302354	52.7709	97.36208286445519	21.31824730228367	150.0	150.0	47.84759717320345	222	99.14833292467263	99.01975975709439	293	297.9763	0.16999999999999998	100.0	9180274	9180274	9180274	50658	72.04	0.17400549999999998	0	9180274	100.0	100.0	2.3839375600336115	9180274	224.3
plate0-G7	12.354099999999999	96.61619999999999	2499.423652	18251238	48.9068	98.61941109022982	14.88456637960008	150.0	150.0	47.999827259484626	273	99.12220177954586	99.01252038861524	477	479.0937	0.15	100.0	13821722	13821722	13821722	67055	74.71	0.1451739	0	13821722	100.0	100.0	2.0926914895264135	13821722	272.5
plate0-G8	10.6871	95.986	2287.713921	16884776	52.13100000000001	98.16915155843633	16.863340914096288	150.0	150.0	47.85698104407503	224	98.94268031667775	98.80587608630815	58	59.2992	0.18	100.0	1753108	1753108	1753108	10650	49.01	0.1837	0	1753108	100.0	100.0	2.3457767576213215	1753108	226.0
plate0-G9	12.9636	96.3262	2388.813517	17325658	52.103100000000005	98.13701389329442	12.219494566842787	150.0	150.0	47.90810782892145	283	99.08989733732557	98.97731524053174	254	258.2657	0.13999999999999999	100.0	7495354	7495354	7495354	35816	67.46	0.137847	0	7495354	100.0	100.0	2.1404592765064865	7495354	281.5
plate0-H1	13.7969	96.3903	1658.019894	13733016	48.0234	94.65449804432855	34.17272216728152	150.0	150.0	47.91736269732935	183	99.24222158368127	99.13154849843845	312	323.9805	0.19	100.0	10663676	10663676	10663676	56241	75.27	0.19258540000000002	0	10663676	100.0	100.0	2.3120826251660307	10663676	195.5
plate0-H10	18.4496	96.0111	1529.738014	11061580	47.9123	95.23852983045659	10.475000185111746	150.0	150.0	48.079215294281184	286	99.0853603358472	98.96551407821642	281	298.5541	0.13	100.0	8628388	8628388	8628388	48219	68.16	0.1326065	0	8628388	100.0	100.0	2.127546883612559	8628388	290.1
plate0-H11	15.8909	96.0154	2043.7134919999999	15049566	48.498000000000005	98.05104091511036	14.365888564156485	150.0	150.0	48.051655618483736	286	99.08858334236189	98.96271254178443	389	399.2014	0.15	100.0	11650028	11650028	11650028	68381	73.41	0.1474778	0	11650028	100.0	100.0	2.0426131164663293	11650028	284.2
plate0-H2	71.627	94.5536	12.05946	120720	50.4203	23.471129655049054	10.329474621549421	150.0	150.0	48.175387946589694	165	37.59364383447531	0.5599354010325025	0	1.3254	0.21	100.0	44992	44992	44992	161	40.38	0.20680020000000002	0	44992	100.0	100.0	4.094061166429587	44992	170.6
plate0-H3	18.2545	96.44890000000001	2065.09658	15118570	47.834500000000006	95.61202988993331	13.736030437857243	150.0	150.0	48.063790766090484	273	99.09250053489512	98.97828214248614	383	401.8167	0.13999999999999999	100.0	11738284	11738284	11738284	68432	73.35	0.1448334	0	11738284	100.0	100.0	2.0010676177199325	11738284	272.5
plate0-H4	18.8065	94.6042	1693.3135579999998	12713634	50.3066	100.0	14.771936961532791	150.0	150.0	48.37370330130976	326	99.24767590239844	99.1111443879647	269	288.7638	0.16	100.0	8433006	8433006	8433006	70549	68.82	0.1615205	0	8433006	100.0	100.0	2.166119649387182	8433006	321.3
plate0-H5	19.0697	96.3261	1734.077789	12599492	47.9165	95.26668791854763	11.45361958447532	150.0	150.0	47.99680722768131	305	99.10593799282559	98.97681939337564	323	337.592	0.13999999999999999	100.0	9772230	9772230	9772230	58590	70.88	0.13648659999999999	0	9772230	100.0	100.0	2.219718528933519	9772230	303.2
plate0-H6	17.6553	96.47630000000001	1661.305402	12111120	47.6945	96.16483112841652	12.967394482157793	150.0	150.0	48.007830970331504	284	99.08141835095616	98.95368812354329	332	342.9382	0.13999999999999999	100.0	9966792	9966792	9966792	59283	71.24	0.14450949999999999	0	9966792	100.0	100.0	2.204199706384963	9966792	283.6
plate0-H7	17.0119	95.1362	1847.456132	13477152	49.326	100.0	10.294830836663413	150.0	150.0	48.21154852123638	331	99.23944483960707	99.0914840482251	304	316.9084	0.15	100.0	9029306	9029306	9029306	60920	68.49	0.1517292	0	9029306	100.0	100.0	2.301206759412074	9029306	330.6
plate0-H8	12.501399999999999	96.3536	1877.389616	13742442	50.7013	97.62560456380405	14.773386163979882	150.0	150.0	48.04216551211954	267	98.90893791770475	98.79122380284522	133	135.0395	0.15	100.0	3900662	3900662	3900662	23588	58.9	0.1467951	0	3900662	100.0	100.0	1.7249636087412854	3900662	269.1
plate0-H9	14.465	96.06700000000001	1469.3325869999999	10756246	52.579	97.32344920313498	13.448008787502058	150.0	150.0	48.13563180715335	267	99.0586837588487	98.92547442036087	131	138.6519	0.13999999999999999	100.0	4123290	4123290	4123290	19063	59.88	0.1416489	0	4123290	100.0	100.0	2.0669901947231457	4123290	266.3
plate1-A1	17.167099999999998	95.1569	19584.769564	170664894	47.861399999999996	98.83334250639821	47.97956065096145	150.0	150.0	48.32111349103282	154	98.96918334717161	98.90849165526424	4931	4870.1616	0.12	100.0	160245138	160245138	160245138	1035672	93.0	0.11991370000000001	0	160245138	100.0	100.0	2.1515729232296583	160245138	173.5
plate1-A10	8.91115	94.88419999999999	188.486732	1419646	46.4003	90.25372707333355	16.371022600845546	150.0	150.0	48.9904761904762	221	0.8327505063219273	0.0006941860185481546	0	0.0183	0.21	100.0	536	536	536	8	22.8	0.21075960000000002	0	536	100.0	100.0	13.059701492537313	536	209.8
plate1-A11	13.8711	95.1425	1648.701646	12331994	47.3175	97.39403694214798	18.47412248972513	150.0	150.0	47.82218749999999	193	25.271147819227018	0.4999874798593083	0	0.7451	0.16999999999999998	100.0	23556	23556	23556	135	27.64	0.16868129999999998	0	23556	100.0	100.0	2.598064187468161	23556	193.6
plate1-A12	10.804	94.6557	3096.469972	23649384	47.805	100.0	23.364363317031852	150.0	150.0	47.930378214180514	215	99.29540119117362	99.16856348864175	636	660.0433	0.16	100.0	19261916	19261916	19261916	153501	76.84	0.1583524	0	19261916	100.0	100.0	2.6028251810463714	19261916	218.8
plate1-A2	5.833089999999999	94.2396	3024.647936	24790902	47.6994	100.0	34.625734876447815	150.0	150.0	47.9127340767178	223	99.29735978744024	99.17746394509385	699	700.4988	0.15	100.0	20941610	20941610	20941610	162374	79.28	0.1512112	0	20941610	100.0	100.0	2.0602952686063776	20941610	231.6
plate1-A3	6.56591	94.6506	1661.207933	11948134	47.354800000000004	97.83177479489375	6.99679307305089	150.0	150.0	47.739740904659	277	99.1256727096386	99.00954530567861	321	378.3357	0.16999999999999998	100.0	10620238	10620238	10620238	83429	67.15	0.1681072	0	10620238	100.0	100.0	4.7246492969366605	10620238	286.1
plate1-A5	5.13854	94.7835	1062.638064	7708384	47.5074	98.29278978989241	9.757661941672996	150.0	150.0	47.93516822286604	262	99.10678093299097	98.98435627014844	226	244.9026	0.16	100.0	6922294	6922294	6922294	54029	62.17	0.1587568	0	6922294	100.0	100.0	5.8118305867968045	6922294	272.5
plate1-A6	33.2292	93.7322	25.954081	278942	48.790099999999995	43.81320072503149	25.899770993085813	150.0	150.0	47.645616641901945	91	42.69858864544722	2.1592904030518403	0	1.9536	0.22999999999999998	100.0	81056	81056	81056	326	59.2	0.2295898	0	81056	100.0	100.0	3.988600473746546	81056	114.7
plate1-A7	2.0202	95.7384	0.023454	198	42.0973	100.0	64.64646464646465	150.0	150.0								0.0	0		198		0.0	0.0	0	0	0.0	0.0	0.0	0	0.0
plate1-A8	2.01023	94.8039	5498.872695	53184382	56.4008	98.83435248093924	56.86353412484988	150.0	150.0	47.92374578113379	111	7.787800226155888	5.7766689533484685	0	4.2861	6.58	100.0	176194	176194	176194	704	63.21	6.586728	0	176194	100.0	100.0	14.507872004722067	176194	138.8
plate1-A9	1.12953	95.2773	112.663935	1325220	50.066500000000005	98.84272518974653	79.01495894792114	150.0	150.0	48.94884052214173	80	98.14044920281412	86.28655354244366	17	17.9817	0.1	100.0	790632	790632	790632	3500	72.78	0.09733271	0	790632	100.0	100.0	2.068977729209038	790632	106.8
plate1-B1	3.7760599999999998	95.0532	1144.195538	9161652	47.2782	98.51272606529399	28.535388508863686	150.0	150.0	47.75541176552132	234	99.09195510302341	98.96296046536247	286	285.0787	0.13	100.0	8641004	8641004	8641004	62260	70.62	0.1309932	0	8641004	100.0	100.0	1.8713566155044021	8641004	235.4
plate1-B10	3.5709999999999997	95.3218	918.909993	7366030	42.0675	98.37491078716702	29.807877226047157	150.0	150.0	48.199999999999996	255	0.2338663111773122	0.0	0	0.0039	0.08	100.0	110	110	110	0	20.88	0.07649646	0	110	100.0	100.0	25.454545454545453	110	250.7
plate1-B11	4.254560000000001	94.7028	5349.207673999999	41894098	47.004200000000004	98.74757238851419	25.450179121275475	150.0	150.0	47.732995352767205	197	19.613135090334673	0.03981652663529772	0	0.5365	0.13999999999999999	100.0	16588	16588	16588	100	23.94	0.1377159	0	16588	100.0	100.0	4.7805642633228835	16588	194.9
plate1-B12	4.39092	94.5101	788.346866	5737692	47.4997	97.58666681633706	8.8545349961715	150.0	150.0	47.928302109918164	298	99.06282408260219	98.93630868072178	174	179.6612	0.16	100.0	5081008	5081008	5081008	39445	57.72	0.1629837	0	5081008	100.0	100.0	3.2710635369989576	5081008	301.3
plate1-B2	4.15948	94.9903	2294.0396499999997	18901370	47.349799999999995	98.71474363393502	36.75308646617641	150.0	150.0	47.81882314917756	194	99.12319347385807	99.01889202457122	575	571.6162	0.13	100.0	17821162	17821162	17821162	123105	79.36	0.1301662	0	17821162	100.0	100.0	1.945058352536159	17821162	207.8
plate1-B3	5.19935	94.5627	1015.542025	7311506	47.3312	97.8630889615773	6.285183635522097	150.0	150.0	47.74149106858633	317	99.11045020194615	98.98847180154412	209	231.2814	0.16999999999999998	100.0	6460106	6460106	6460106	51416	60.26	0.1702528	0	6460106	100.0	100.0	6.152453225999698	6460106	320.9
plate1-B4	5.80023	94.87440000000001	2744.4217989999997	21675586	47.2703	98.68639327397226	25.50256991998036	150.0	150.0	47.74501198664987	251	99.11692100733333	99.01157827901865	688	685.7475	0.13999999999999999	100.0	20486614	20486614	20486614	150038	79.52	0.1350497	0	20486614	100.0	100.0	1.9262919680138455	20486614	248.3
plate1-B5	5.28421	94.50110000000001	1121.1479769999999	8116522	47.4441	97.48037366834832	7.635311375477792	150.0	150.0	47.864746974859166	298	99.08826104171041	98.96082832259121	240	260.5547	0.16999999999999998	100.0	7292734	7292734	7292734	58436	62.71	0.16833340000000002	0	7292734	100.0	100.0	5.923827744162889	7292734	302.2
plate1-B6	5.75575	95.1666	958.333144	8020720	49.0502	95.189696509795	39.159329687333475	150.0	150.0	47.99454699403198	165	99.11823500229701	98.9851248332404	204	204.7255	0.18	100.0	6629126	6629126	6629126	43731	68.97	0.1771353	0	6629126	100.0	100.0	2.228544154991171	6629126	172.4
plate1-B7	0.0	90.8967	0.002007	18	41.485499999999995	100.0	55.55555555555556	150.0	150.0								0.0	0		18		0.0	0.0	0	0	0.0	0.0	0.0	0	0.0
plate1-B8	1.91875	92.7701	261.879894	3075190	58.275	94.43538193757762	61.16670085579272	150.0	150.0	49.56611570247934	60	1.1184824300279088	0.0678566833130821	0	0.0469	0.66	100.0	2540	2540	2540	12	80.27	0.6632148	0	2540	100.0	100.0	43.46456692913386	2540	83.5
plate1-B9	2.04297	95.0801	5940.493966999999	74145372	47.3748	99.12820294658692	84.33670482955209	150.0	150.0	48.59881340912271	77	99.16434878781486	99.07896390753343	398	412.2809	0.09	100.0	19065454	19065454	19065454	79970	87.33	0.09416042999999999	0	19065454	100.0	100.0	2.3863003734398354	19065454	92.7
plate1-C1	7.34273	95.0804	3918.746009	31718824	47.755199999999995	98.82642694200506	36.07444136696099	150.0	150.0	48.21965288067823	182	99.132242684457	99.04001511342132	988	980.4939	0.13	100.0	30121026	30121026	30121026	211726	83.22	0.1263756	0	30121026	100.0	100.0	1.9858586490380508	30121026	193.2
plate1-C10	5.13175	95.1869	1790.377698	14938116	42.4364	99.15981001398768	39.424354490448124	150.0	150.0	49.377358490566046	154	0.6916076133364043	0.0007685630919640283	0	0.0165	0.16	100.0	540	540	540	2	32.74	0.1595665	0	540	100.0	100.0	13.333333333333334	540	159.9
plate1-C11	0.0	0.0	0.0	0	0.0			0.0	0.0														0.0	0	0				0	0.0
plate1-C12	16.1782	95.35329999999999	22632.071343	197916084	47.836	98.958042	46.895425	150.0	150.0	48.29889938620105	159	99.19052951765724	99.14575451946088	5670	5614.1736	0.12	100.0	185675378	185675378	185675378	1190525	94.06	0.11837239999999999	0	185675378	100.0	100.0	2.1269621435751165	185675378	186.6
plate1-C2	5.54126	95.1007	2074.541885	16033946	47.139900000000004	98.72618532163146	24.8713365775037	150.0	150.0	47.62087450592886	234	99.1036075111919	98.97709210931149	520	520.0029	0.13	100.0	15308386	15308386	15308386	112981	76.53	0.1322853	0	15308386	100.0	100.0	1.76088452433849	15308386	235.4
plate1-C3	6.69826	94.4699	1159.295046	8508930	47.475	96.69152932508098	10.464816334582489	150.0	150.0	47.83423443754868	285	99.10819409738586	98.9864884129197	207	229.8607	0.19	100.0	6765992	6765992	6765992	49467	59.72	0.18689360000000002	0	6765992	100.0	100.0	4.848232158713755	6765992	288.7
plate1-C4	7.831770000000001	94.28750000000001	6182.738394999999	52149014	47.8183	100.0	38.41404556565537	150.0	150.0	48.284021992709626	210	99.33013528445883	99.25394836892318	1425	1421.5677	0.15	100.0	43418232	43418232	43418232	331016	85.33	0.1484497	0	43418232	100.0	100.0	2.2225939554609226	43418232	215.4
plate1-C5	7.48022	94.6425	2039.5408149999998	14697158	47.4556	98.05278875358545	7.361345560411997	150.0	150.0	47.852211400815875	277	99.13730032544927	99.02697433321573	403	447.8809	0.16999999999999998	100.0	12675102	12675102	12675102	98916	69.82	0.1742245	0	12675102	100.0	100.0	6.131256379633079	12675102	285.7
plate1-C6	8.61884	95.2638	1932.214841	14433794	47.6256	97.93160132462624	19.48261468758871	150.0	150.0	48.055814166307435	219	99.1195985819763	98.98832304739729	434	448.139	0.13999999999999999	100.0	13028942	13028942	13028942	98648	72.88	0.143016	0	13028942	100.0	100.0	2.3226214377191945	13028942	220.0
plate1-C7	0.0	100.0	0.00018199999999999998	2	40.6593	100.0	100.0	150.0	150.0								0.0	0		2		0.0	0.0	0	0	0.0	0.0	0.0	0	0.0
plate1-C8	0.0	0.0	0.0	0	0.0			0.0	0.0														0.0	0	0				0	0.0
plate1-C9	2.75544	94.8325	2918.3317939999997	25985660	49.3022	98.7223295765727	43.384894320971746	150.0	150.0	48.117166912429234	129	98.52284652960294	96.829726830364	24	25.9253	0.12	100.0	930250	930250	930250	5365	52.42	0.1207842	0	930250	100.0	100.0	1.945283525933889	930250	168.3
plate1-D1	6.73024	94.8718	2572.113688	19680672	47.5657	97.45159895876918	20.660004070247922	150.0	150.0	48.03186582841289	254	99.10990477007444	98.99347985782079	652	646.1017	0.13	100.0	18785122	18785122	18785122	141567	78.03	0.1344259	0	18785122	100.0	100.0	1.8593118532847432	18785122	256.7
plate1-D10	3.2991699999999997	95.3145	7609.8952659999995	64665586	46.3744	99.13756238143728	42.95244791442613	150.0	150.0	48.22229590333039	153	93.64750374426583	22.076107084143526	6	6.6803	0.12	100.0	222456	222456	222456	1423	38.66	0.11582579999999999	0	222456	100.0	100.0	2.1568310137735103	222456	173.4
plate1-D11	5.237909999999999	93.9947	39.081841	382452	48.0337	82.94339622641509	41.08783344176968	150.0	150.0	47.93171211004667	150	30.680493199332293	0.286029431999645	0	0.9575	0.15	100.0	34264	34264	34264	172	38.48	0.15112019999999998	0	34264	100.0	100.0	4.1442913845435445	34264	161.5
plate1-D12	6.0059000000000005	92.1374	0.246616	3370	47.5	62.085482682387614	43.80987472365512	150.0	150.0	49.0	65	0.016139824931244592	0.0	0	0.0002	0.2	100.0	12	12	12	0	50.0	0.0	0	0	100.0	100.0	0.0	0	0.0
plate1-D2	7.55084	94.9314	8944.170592999999	82145052	47.2824	98.82142190588694	47.95429741002985	150.0	150.0	47.72412461512605	158	99.20014895248569	99.1326889468975	2130	2181.614	0.13	100.0	74653914	74653914	74653914	459225	90.79	0.1289988	0	74653914	100.0	100.0	1.9747176283349321	74653914	182.2
plate1-D3	12.4246	94.906	2137.894616	15424158	39.402	97.2607359328706	7.762391631122259	150.0	150.0	48.008474576271176	247	0.8115034556827927	0.007164991405729167	0	0.0117	0.25	100.0	406	406	406	2	12.08	0.0	0	0	100.0	100.0	0.0	0	0.0
plate1-D4	8.75283	95.13430000000001	6269.793885	50872744	47.3283	98.91614210754955	32.09730536785662	150.0	150.0	47.78693933234518	212	99.16308437756679	99.07264185629307	1565	1561.8467	0.13	100.0	47969610	47969610	47969610	338776	86.96	0.1300055	0	47969610	100.0	100.0	1.9062193751418866	47969610	212.0
plate1-D5	18.8797	94.7399	19412.251317	139343714	47.4698	97.81125802702697	6.504282311790506	150.0	150.0	47.86475362358739	283	99.23079230673304	99.123838075161	3745	4272.2785	0.16999999999999998	100.0	120359790	120359790	120359790	944006	94.34	0.16846719999999998	0	120359790	100.0	100.0	4.954400468794437	120359790	290.9
plate1-D6	2.17228	94.9123	0.32603899999999997	2586	57.2017	96.85393258426967	29.213483146067414	150.0	150.0	42.0	213	0.011131768654575764	0.0	0	0.0001	0.0	100.0	4	4	4	0	0.0	0.0	0	4	100.0	100.0	0.0	4	224.5
plate1-D7	0.0	0.0	0.0	0	0.0			0.0	0.0														0.0	0	0				0	0.0
plate1-D8	1.6707199999999998	94.53099999999999	831.053862	8050390	54.8312	98.23790481513254	55.568721102066064	150.0	150.0	49.69230769230769	107	0.08674845996071404	0.0	0	0.0015	4.26	100.0	66	66	66	0	39.13	4.255666000000001	0	66	100.0	100.0	72.72727272727273	66	157.2
plate1-D9	3.50744	95.1572	813.4724199999999	7412608	44.1863	97.24878822887642	45.72286053815154	150.0	150.0	47.565217391304344	183	0.15120859025447125	0.0	0	0.003	0.08	100.0	94	94	94	3	27.78	0.08345156	0	94	100.0	100.0	14.893617021276595	94	196.3
plate1-E1	5.1535400000000005	94.9327	1814.490644	13901314	47.5007	98.37582012202543	22.031737144274103	150.0	150.0	47.9696005720718	244	99.0872693473982	98.97235676897068	447	456.6985	0.13999999999999999	100.0	13313608	13313608	13313608	99244	74.4	0.135299	0	13313608	100.0	100.0	1.7941041977501515	13313608	246.3
plate1-E10	1.01092	94.4689	2492.015321	25864560	43.9715	98.80650861940529	70.14663265204771	150.0	150.0	48.427280510651286	104	98.89574838335233	98.0451969641262	29	29.0883	0.11	100.0	1115400	1115400	1115400	5832	63.05	0.1076589	0	1115400	100.0	100.0	2.1876456876456873	1115400	125.6
plate1-E11	4.4692799999999995	94.504	1748.004189	13821218	46.996500000000005	97.24442589473874	24.059626546767774	150.0	150.0	48.30994926761708	202	98.53685421176293	82.18101346696083	15	16.3772	0.22	100.0	522846	522846	522846	3391	37.64	0.22290029999999997	0	522846	100.0	100.0	3.5610868209759663	522846	212.6
plate1-E12	6.12852	94.9002	22376.002699999997	197223452	46.3758	98.611726	48.10623	150.0	150.0	48.45103932941027	137	99.10921058405589	98.36417543964907	28	29.1246	0.13	100.0	1001842	1001842	1001842	6292	51.31	0.12620769999999998	0	1001842	100.0	100.0	2.6010089415297024	1001842	164.7
plate1-E2	6.62962	94.5304	1513.149091	10881258	47.5377	97.34828172413219	5.736836822167935	150.0	150.0	47.90802108100648	310	98.88528600835849	98.7564401248444	293	318.5794	0.18	100.0	9021928	9021928	9021928	71362	64.39	0.1766161	0	9021928	100.0	100.0	4.892967445539357	9021928	314.7
plate1-E3	5.747809999999999	94.3697	1298.5072559999999	9442968	47.4805	97.07469359121865	7.927872322752502	150.0	150.0	47.85303529303987	305	99.13112702835576	99.0216687686454	242	269.6816	0.18	100.0	7748270	7748270	7748270	59018	61.66	0.1842474	0	7748270	100.0	100.0	5.786349727100372	7748270	308.2
plate1-E4	6.583	94.7912	2634.1940099999997	19740584	47.4401	98.62903698839199	17.492946034125836	150.0	150.0	47.91523096338672	255	99.07856722980854	98.96328276601395	671	664.634	0.13999999999999999	100.0	18962826	18962826	18962826	146434	77.46	0.1414716	0	18962826	100.0	100.0	1.8189377469370862	18962826	254.6
plate1-E5	7.55156	94.6027	2567.768438	18488264	47.4196	97.93162131302351	6.746506706906623	150.0	150.0	47.81782111235335	289	99.14223400465254	99.03493268007124	517	562.4058	0.18	100.0	15872436	15872436	15872436	124277	72.85	0.1767408	0	15872436	100.0	100.0	4.555532622717773	15872436	297.9
plate1-E6	7.531549999999999	94.666	915.8802529999999	7224082	60.26200000000001	92.59454559716907	26.92222505346172	150.0	150.0	46.09615384615385	126	0.3660343706373198	0.0	0	0.0082	0.32	100.0	308	308	308	2	46.86	0.3240951	0	308	100.0	100.0	22.4025974025974	308	153.1
plate1-E7	4.03114	94.6401	891.577901	6913994	53.7999	98.01947745394115	23.132163090715306	150.0	150.0	48.04596969370703	218	99.01733010602948	98.8722204357951	51	52.7435	0.13999999999999999	100.0	1624066	1624066	1624066	11237	46.33	0.1419232	0	1624066	100.0	100.0	2.078055941076286	1624066	220.2
plate1-E8	2.31635	94.2796	2509.118954	24724734	55.2994	98.68238736915713	53.14476313178361	150.0	150.0	48.207040350842846	83	99.13340792527384	98.99524011522496	114	113.3474	0.13	100.0	4915022	4915022	4915022	22274	77.11	0.1322607	0	4915022	100.0	100.0	2.1719536555482355	4915022	107.0
plate1-E9	11.703199999999999	94.67370000000001	38.250305	324062	49.384699999999995	76.10412057846854	30.673486545768807	150.0	150.0	47.83333333333333	155	0.5718605251368476	0.0	0	0.0093	0.19	100.0	306	306	306	0	30.34	0.0	0	0	100.0	100.0	0.0	0	0.0
plate1-F1	0.0	0.0	0.0	0	0.0			0.0	0.0														0.0	0	0				0	0.0
plate1-F10	2.6079399999999997	95.0286	2692.5588359999997	27226744	47.548899999999996	98.47797703275364	60.81537218529268	150.0	150.0	48.325332185570275	114	99.11486324163549	99.00513226598927	217	223.0438	0.11	100.0	8332862	8332862	8332862	46299	75.54	0.11150739999999999	0	8332862	100.0	100.0	2.156665981027887	8332862	147.5
plate1-F11	13.369700000000002	94.3473	2275.534758	16802398	42.2391	95.32879542251068	10.470350961877783	150.0	150.0	49.55172413793103	195	0.14265522681164577	0.0	0	0.002	0.16999999999999998	100.0	62	62	62	0	19.61	0.0	0	0	100.0	100.0	0.0	0	0.0
plate1-F12	1.85344	93.9859	142.374862	1394896	58.5124	97.53098849957489	46.09846959323399	150.0	150.0	49.265625	93	0.22194118707296714	0.0	0	0.0036	0.21	100.0	142	142	142	0	54.95	0.0	0	0	100.0	100.0	0.0	0	0.0
plate1-F2	6.05927	94.6848	1000.594425	7311608	47.231899999999996	97.60604079222122	9.77319529276574	150.0	150.0	47.60991646669724	296	99.12597021793226	99.00411577931925	190	212.281	0.18	100.0	6121508	6121508	6121508	46802	58.73	0.17671620000000002	0	6121508	100.0	100.0	5.572434112640218	6121508	297.6
plate1-F3	6.65848	94.22500000000001	1681.528899	12166118	47.5497	96.74537589261574	6.210442610175422	150.0	150.0	47.91849359389155	319	99.12326785093148	99.01643758114848	330	362.729	0.19	100.0	10269124	10269124	10269124	80313	66.33	0.1861971	0	10269124	100.0	100.0	5.887960842619098	10269124	322.9
plate1-F4	5.287929999999999	95.0241	1494.479525	11074806	47.44	98.72414964258111	15.927769205192044	150.0	150.0	47.91716133274304	251	99.0661462585481	98.94637437799074	372	377.2509	0.13	100.0	10680136	10680136	10680136	83123	71.1	0.1343512	0	10680136	100.0	100.0	1.7603989312495647	10680136	250.8
plate1-F5	9.031780000000001	95.2596	2197.588889	18035040	47.7056	95.74250202765553	38.2720605683721	150.0	150.0	47.842196638069524	166	99.14895273361776	99.04378355180772	479	491.6149	0.15	100.0	15660880	15660880	15660880	105804	78.07	0.14811539999999998	0	15660880	100.0	100.0	2.433707428956738	15660880	169.2
plate1-F6	4.10649	94.5176	1478.749493	11666634	60.2313	97.20821123947815	27.367298755109275	150.0	150.0	47.99820816698626	186	98.88682313454242	97.72351612160254	23	23.5585	0.15	100.0	737192	737192	737192	4881	39.22	0.14745719999999998	0	737192	100.0	100.0	2.1093555003309854	737192	188.7
plate1-F7	5.548150000000001	94.0061	2546.476163	20612030	51.7094	100.0	29.5748841817133	150.0	150.0	48.66009403403647	205	99.24544459019596	99.09832673897937	116	124.9393	0.24	100.0	4007252	4007252	4007252	28518	57.49	0.23749309999999998	0	4007252	100.0	100.0	3.6165931166794603	4007252	208.3
plate1-F9	3.45559	94.0176	1212.720411	11764528	46.3871	93.08921905258671	53.8818693539895	150.0	150.0	50.0	168	0.004165116111288928	0.0	0	0.0001	0.0	100.0	2	2	2	0	0.0	0.0	0	2	100.0	100.0	0.0	2	168.0
plate1-G1	4.32392	95.214	1362.2107799999999	10863070	47.3041	98.55397044833376	30.237538668779685	150.0	150.0	47.77938181038648	214	99.07807138265244	98.94719252579831	342	339.9005	0.13	100.0	10299860	10299860	10299860	73467	72.83	0.1263378	0	10299860	100.0	100.0	1.915084282698988	10299860	218.6
plate1-G10	1.79285	94.5921	1863.879334	17910388	48.5691	98.66834228435788	51.98467263754212	150.0	150.0	48.60908047254009	102	90.0792388547815	23.815290984184706	6	6.6411	0.12	100.0	255450	255450	255450	1377	52.11	0.1202147	0	255450	100.0	100.0	2.697983949892347	255450	150.1
plate1-G11	4.25659	94.5918	79.753908	721310	44.1163	90.60727259937393	41.25745524341652	150.0	150.0	48.37382378100941	175	78.42663234743218	4.554752806556884	3	3.7198	0.12	100.0	123292	123292	123292	865	34.01	0.11870019999999999	0	123292	100.0	100.0	2.5443662200304966	123292	183.4
plate1-G12	5.706259999999999	94.0037	151.014249	1166030	55.78809999999999	92.76248482505255	18.46641941247695	150.0	150.0	44.5	77	0.010412790278222318	0.0	0	0.0001	0.0	100.0	6	6	6	0	25.0	0.0	0	6	100.0	100.0	33.33333333333333	6	140.0
plate1-G2	6.20977	94.5735	1325.9037879999998	9535542	47.7692	97.43977368689102	5.93283036081425	150.0	150.0	48.16886716268262	308	99.11243359057057	98.98943870349852	260	281.1527	0.16999999999999998	100.0	7967924	7967924	7967924	62801	62.64	0.17304219999999998	0	7967924	100.0	100.0	4.724229297367796	7967924	311.1
plate1-G3	7.6962600000000005	94.43730000000001	2071.478486	14986576	47.478500000000004	96.70998637749001	6.944434227024194	150.0	150.0	47.83434288420556	301	99.14508512580014	99.03446162527294	373	417.3309	0.19	100.0	12023112	12023112	12023112	91976	68.11	0.1896811	0	12023112	100.0	100.0	5.638856229568518	12023112	304.1
plate1-G4	6.19221	95.192	3822.964291	31917538	47.857	99.09913428738719	39.690712334937686	150.0	150.0	48.32150238077029	181	99.15066340630634	99.04465128433091	964	952.5899	0.13	100.0	30111606	30111606	30111606	204728	83.44	0.1281043	0	30111606	100.0	100.0	1.8166782602030591	30111606	192.0
plate1-G5	34.3061	90.979	14.347707	161132	51.0058	33.137958975498	18.84313701295229	150.0	150.0	47.62846454684577	118	35.5399192909584	0.8803022485924759	0	1.4079	0.2	100.0	52454	52454	52454	268	48.58	0.20446180000000003	0	52454	100.0	100.0	4.5163381248331875	52454	131.0
plate1-G6	4.85631	94.75970000000001	2200.0041819999997	18716982	53.3818	97.4955846443447	38.67888016600258	150.0	150.0	47.71333011990438	136	99.15046506744389	99.04906432402025	279	280.1358	0.26	100.0	9860336	9860336	9860336	58330	75.38	0.2604163	0	9860336	100.0	100.0	2.4128690949273937	9860336	150.3
plate1-G7	5.11327	93.891	1585.220005	12585926	47.8597	96.71567437870995	23.491150532922944	150.0	150.0	47.904214525363344	290	99.13278811632871	99.01961100294757	298	305.9408	0.16999999999999998	100.0	9507214	9507214	9507214	64444	68.78	0.1708781	0	9507214	100.0	100.0	2.2203875919906713	9507214	290.9
plate1-G8	2.24726	95.1203	3710.898167	41369382	50.5683	99.06555148367787	75.21625923464217	150.0	150.0	49.834658664666165	99	36.36686838555389	1.6252382235680616	0	1.6037	0.11	100.0	63224	63224	63224	298	58.34	0.1136693	0	63224	100.0	100.0	3.3373402505377703	63224	120.7
plate1-G9	14.7981	93.1593	6.1337589999999995	73990	45.466699999999996	64.06726239955667	42.025145469659186	150.0	150.0	48.20430107526883	137	0.41958586349674887	0.0	0	0.006	0.06999999999999999	100.0	214	214	214	0	36.13	0.0	0	0	100.0	100.0	0.0	0	0.0
plate1-H1	23.4127	95.3517	2517.128122	19265490	38.279999999999994	98.89999716629069	26.89981728735168	150.0	150.0	48.059322033898304	146	0.5230443726182292	0.008280647506967272	0	0.0107	0.25	100.0	426	426	426	2	33.74	0.0	0	0	100.0	100.0	0.0	0	0.0
plate1-H10	13.017100000000001	94.417	10.481195	82808	42.1569	71.27192604961012	16.13275265522524	150.0	150.0	55.08450704225351	708806	0.3202428857709469	0.0	0	0.0052	6.279999999999999	0.22377911280188661	260	100	116186	0	16.75	0.0	0	0	0.22377911280188661	0.0	0.17902329024150931	0	0.0
plate1-H11	4.13179	95.1361	6299.673747	57815568	49.3798	98.96152272070222	51.7497009274032	150.0	150.0	48.17700408685938	141	99.12202823304122	98.99757059685867	866	864.8924	0.12	100.0	29934434	29934434	29934434	181591	84.84	0.1186832	0	29934434	100.0	100.0	1.6767746468832514	29934434	170.8
plate1-H12	5.27297	95.45609999999999	187.39379699999998	1652880	47.320299999999996	93.16093832782857	44.78959768236182	150.0	150.0	47.77671014917962	155	99.03924655032935	98.88005482086157	43	43.7471	0.16999999999999998	100.0	1468386	1468386	1468386	9425	53.59	0.1737763	0	1468386	100.0	100.0	2.246003435064077	1468386	165.4
plate1-H2	6.24296	93.7624	1563.691349	11445162	47.3178	95.39592206334333	6.945758371425871	150.0	150.0	47.67346747791384	376	99.1491014877646	99.04199850204574	294	327.3624	0.2	100.0	9309454	9309454	9309454	71834	64.88	0.19697859999999998	0	9309454	100.0	100.0	5.766729176598327	9309454	367.8
plate1-H3	9.87513	94.7416	6909.312589	56944486	47.4846	96.70142016941692	36.01207657021548	150.0	150.0	47.859178126680014	171	99.25293188225316	99.16402648716338	1288	1502.5209	0.16999999999999998	100.0	49213190	49213190	49213190	318947	87.88	0.16587570000000001	0	49213190	100.0	100.0	5.802350955099639	49213190	204.6
plate1-H4	6.271839999999999	93.3763	835.915389	6169450	47.456199999999995	93.59583566079544	7.1626464404773	150.0	150.0	47.71090577327361	359	99.10772304258757	98.97964572216543	136	156.6255	0.22999999999999998	100.0	4577592	4577592	4577592	34258	51.1	0.2287827	0	4577592	100.0	100.0	5.457236031520503	4577592	355.1
plate1-H5	7.24647	94.19189999999999	2138.8627429999997	16223812	56.667	94.21802200722486	16.7132419435805	150.0	150.0	47.937108614777635	266	98.96846436879525	98.8421720981351	147	149.2615	0.15	100.0	4367350	4367350	4367350	33437	59.25	0.1489134	0	4367350	100.0	100.0	1.9861701031517969	4367350	265.7
plate1-H6	3.52685	94.7577	1200.7027819999998	9167536	49.971199999999996	98.01232742734982	20.87533030585927	150.0	150.0	47.95668435733023	241	99.09671523572202	98.96784455985012	201	202.0876	0.15	100.0	5947524	5947524	5947524	43492	63.36	0.14655569999999998	0	5947524	100.0	100.0	2.320226030193405	5947524	244.2
plate1-H7	2.04558	95.23479999999999	1839.794582	16814948	54.2015	99.05241623844945	58.446407970683936	150.0	150.0	47.73614625954921	128	80.56095684617408	40.880639424658625	7	20.8608	4.44	100.0	734350	734350	734350	3803	58.2	4.4393139999999995	0	734350	100.0	100.0	5.01041737591067	734350	134.8
plate1-H8	6.426170000000001	95.1091	22605.394817	197742690	47.0078	98.871345	47.783709	150.0	150.0	48.41779381677654	132	99.01006594519252	98.76050607152446	34	34.7291	0.12	100.0	1213596	1213596	1213596	7224	54.57	0.1193659	0	1213596	100.0	100.0	2.5935319496768283	1213596	154.3
plate1-H9	27.0511	94.2026	12.737366	106558	48.4453	42.3077533907188	15.581424895975607	150.0	150.0	48.29629629629629	177	0.5660839057682148	0.0	0	0.012	0.11	100.0	370	370	370	3	26.04	0.1133436	0	370	100.0	100.0	17.83783783783784	370	183.0
plate2-A1	0.5747129999999999	92.8361	0.042180999999999996	344	47.0464	98.85057471264368	60.91954022988506	150.0	150.0								0.0	0		348		0.0	0.0	0	0	0.0	0.0	0.0	0	0.0
plate2-A2	30.997400000000003	92.7815	4.566953	40640	49.7678	25.11929191287364	9.242959922862017	150.0	150.0	50.0	113	0.016412540867102796	0.0	0	0.0005	0.43	100.0	16	16	16	0	27.27	0.4268943	0	16	100.0	100.0	0.0	16	137.6
plate2-B1	0.0	94.7381	0.043049	354	47.522	98.33333333333333	69.44444444444444	150.0	150.0								0.0	0		360		0.0	0.0	0	0	0.0	0.0	0.0	0	0.0
plate2-B2	8.01656	94.7718	911.1564679999999	6804494	48.141	93.8344848965579	16.58551666999467	150.0	150.0	47.659298173125165	200	97.20545501290319	34.625006910869736	8	8.3475	0.13999999999999999	100.0	251838	251838	251838	1557	30.13	0.1386083	0	251838	100.0	100.0	1.6320015247897457	251838	202.5
plate2-C1	1.3071899999999999	94.3514	0.03628	302	49.0898	98.69281045751634	65.359477124183	150.0	150.0								0.0	0		306		0.0	0.0	0	0	0.0	0.0	0.0	0	0.0
plate2-C2	5.18126	94.45949999999999	3240.8156679999997	24795968	45.9171	97.04052625181305	21.846497781911197	150.0	150.0	47.94226603671476	218	99.04080846887109	98.9251025349938	175	179.3657	0.15	100.0	5301244	5301244	5301244	39058	61.82	0.14760389999999998	0	5301244	100.0	100.0	1.8815772297973834	5301244	220.8
plate2-D1	2.0689699999999998	95.7915	0.035872	288	43.8234	99.3103448275862	61.37931034482759	150.0	150.0								0.0	0		290		0.0	0.0	0	0	0.0	0.0	0.0	0	0.0
plate2-D2	23.4192	93.80330000000001	18.745896	149336	57.2356	52.197498759166436	14.002195052045103	150.0	150.0	48.27692307692308	187	1.4645341602741637	0.007735215635250865	0	0.0323	0.13999999999999999	100.0	980	980	980	1	20.38	0.1434016	0	980	100.0	100.0	6.326530612244897	980	191.0
plate2-E1	7.59513	94.5126	300.77925	2457410	48.8085	90.17555061391342	26.609495291985	150.0	150.0	46.78260869565218	146	1.2776741594956837	0.0049088868454476645	0	0.0291	0.25	100.0	1060	1060	1060	6	36.24	0.2511814	0	1060	100.0	100.0	12.830188679245284	1060	153.9
plate2-E2	22.303600000000003	93.6523	35.432919999999996	291282	50.033899999999996	57.127335344256124	17.976708336438627	150.0	150.0	47.73913043478261	181	0.1312011575056012	0.0	0	0.0027	0.16999999999999998	100.0	86	86	86	1	36.51	0.1653652	0	86	100.0	100.0	18.6046511627907	86	230.8
plate2-F1	29.2511	93.6618	9.301485999999999	83320	51.632999999999996	36.01282838149739	14.4206913840648	150.0	150.0	47.05784061696657	166	6.21140294746425	0.017181103959066826	0	0.1545	0.16	100.0	5072	5072	5072	29	30.89	0.155796	0	5072	100.0	100.0	6.861198738170347	5072	169.0
plate2-F2	16.7423	93.8541	36.768191	483702	50.9432	68.43703309639154	54.52245664870738	150.0	150.0	51.199999999999996	105	0.15569600701722897	0.0	0	0.0035	0.15	100.0	132	132	132	2	55.42	0.14879900000000001	0	132	100.0	100.0	39.39393939393939	132	136.1
plate2-G1	13.2668	94.3129	164.747837	1276218	48.5376	79.16002977298102	17.74680560724476	150.0	150.0	48.142857142857146	220	0.3422584995020455	0.0	0	0.0072	0.21	100.0	208	208	208	1	28.12	0.20962200000000003	0	208	100.0	100.0	0.9615384615384616	208	214.2
plate2-G2	5.86335	94.20230000000001	354.42556199999996	2813054	59.6044	94.24124357191913	26.32238395953031	150.0	150.0	47.17239057239058	93	43.876151264125134	3.0676576006799054	0	2.1598	0.3	100.0	89572	89572	89572	399	62.53	0.2957003	0	89572	100.0	100.0	4.379716875809405	89572	109.7
plate2-H1	33.8103	93.7345	3.671509	31252	51.5084	27.266699239198715	9.110420883646263	150.0	150.0	45.0	241	0.006892275469870963	0.0	0	0.0002	0.5599999999999999	100.0	6	6	6	0	25.0	0.5602241	0	6	100.0	100.0	0.0	6	210.7
plate3-A10	4.2317599999999995	94.9064	1835.43519	13496628	54.2327	97.75135980763521	12.150531248415671	150.0	150.0	47.989701257861626	263	98.45231227164689	43.70116680273539	9	9.4105	0.38	100.0	281046	281046	281046	3468	24.91	0.3760054	0	281046	100.0	100.0	2.5906791059114878	281046	263.0
plate3-A11	9.011560000000001	95.9635	2311.5872489999997	17745068	47.4489	98.20778263117482	24.72898463891165	150.0	150.0	47.87046404121871	210	99.13184600673212	99.00542977428293	469	485.5583	0.16	100.0	14832042	14832042	14832042	178697	75.28	0.1598773	0	14832042	100.0	100.0	2.2732473384312155	14832042	211.6
plate3-A12	14.127999999999998	95.3057	12911.838888999999	92464940	47.2439	98.13784108454203	6.865204146370788	150.0	150.0	47.681677579715945	295	99.22102411775775	99.11146668861616	2461	2704.46	0.16	100.0	77051464	77051464	77051464	994470	92.18	0.1588116	0	77051464	100.0	100.0	5.732733384533745	77051464	299.4
plate3-A7	7.849340000000001	95.0647	6730.068569999999	53145308	48.8037	100.0	29.307543010193864	150.0	150.0	48.1464483151156	235	99.30774778536066	99.2043884456704	1291	1323.4695	0.15	100.0	38729114	38729114	38729114	511040	84.15	0.1487945	0	38729114	100.0	100.0	1.9396570755530325	38729114	233.8
plate3-A8	20.583299999999998	94.8591	83.09259899999999	683012	54.441700000000004	69.16100967224536	20.754621453915075	150.0	150.0	47.58202373316228	171	93.00919970021081	18.377062507236268	6	6.1337	0.15	100.0	209008	209008	209008	2194	39.35	0.1548477	0	209008	100.0	100.0	1.9214575518640433	209008	182.3
plate3-A9	10.7528	95.7684	10560.371366	90856338	47.7053	98.94472278080073	45.13279829589541	150.0	150.0	48.17060583385027	165	99.1945458796217	99.12599501029007	2625	2605.5301	0.11	100.0	85254754	85254754	85254754	957349	90.56	0.11334949999999999	0	85254754	100.0	100.0	2.085303067087614	85254754	189.5
plate3-B10	0.0	0.0	0.0	0	0.0			0.0	0.0														0.0	0	0				0	0.0
plate3-B11	12.026	95.7306	2621.000686	19065590	47.5989	98.27147550582602	12.021685547195137	150.0	150.0	47.980640432880875	262	99.11592931302113	98.99142209212295	482	506.9627	0.13999999999999999	100.0	14852102	14852102	14852102	187841	72.81	0.1367382	0	14852102	100.0	100.0	2.3636721589981002	14852102	262.3
plate3-B12	6.653090000000001	95.843	2259.028414	16861768	47.308	98.93710677210402	18.319329861157563	150.0	150.0	47.79387077627152	258	99.08429426446156	98.96814206814378	567	563.1771	0.12	100.0	16167506	16167506	16167506	208220	76.6	0.1201361	0	16167506	100.0	100.0	1.7938450123352359	16167506	256.7
plate3-B7	2.9768499999999998	94.7696	4474.364359	38042592	43.2776	98.52067967178793	40.83872678311446	150.0	150.0	48.005312358440065	226	94.53564037792478	14.951254505701126	6	5.9736	0.12	100.0	179002	179002	179002	2157	25.62	0.12367770000000002	0	179002	100.0	100.0	1.951374844973799	179002	226.8
plate3-B8	25.8934	93.9525	25.583893999999997	238322	54.191900000000004	48.47884458909682	21.307567127746136	150.0	150.0	48.32	244	0.6328745176956694	0.0	0	0.0084	0.09	100.0	254	254	254	3	18.1	0.0	0	0	100.0	100.0	0.0	0	0.0
plate3-B9	6.55034	95.8699	2847.761611	22331230	47.524100000000004	99.01635573193754	27.769538446913128	150.0	150.0	48.00405945617271	228	99.12691232752887	99.01433023073504	712	706.4882	0.12	100.0	21206518	21206518	21206518	259697	79.84	0.11550849999999999	0	21206518	100.0	100.0	1.9047162763825725	21206518	227.0
plate3-C10	9.44747	94.423	3067.0168679999997	22329306	47.9386	100.0	8.925131842431645	150.0	150.0	47.995975018849585	299	99.27288973028642	99.13618466934804	601	617.0612	0.16999999999999998	100.0	17511710	17511710	17511710	236739	73.75	0.1714211	0	17511710	100.0	100.0	2.4541578178259007	17511710	301.2
plate3-C11	8.19882	95.4969	1548.6603679999998	11450024	50.02609999999999	97.34352210398953	15.262973186294197	150.0	150.0	47.919566502598514	238	99.03907300382471	98.91263197901773	202	215.5944	0.13999999999999999	100.0	6410486	6410486	6410486	78957	64.02	0.1386482	0	6410486	100.0	100.0	2.2231855743854676	6410486	237.6
plate3-C12	8.77289	93.4763	379.583817	2840044	51.371500000000005	100.0	13.924009628019848	150.0	150.0	49.194720271252116	227	42.09437409337446	0.7829178671332919	0	0.9711	1.58	100.0	30128	30128	30128	399	21.48	1.5804639999999999	0	30128	100.0	100.0	22.009426447158788	30128	231.1
plate3-C7	20.6736	95.0175	41.113253	401890	46.2723	66.15582149500403	34.725180661410064	150.0	150.0	48.23188405797101	201	1.1221269066252866	0.0	0	0.024	0.27999999999999997	100.0	760	760	760	7	32.37	0.2768853	0	760	100.0	100.0	28.68421052631579	760	192.6
plate3-C8	33.8673	92.6893	6.556064999999999	61892	56.383700000000005	27.14751912414906	10.28493227594919	150.0	150.0	48.47368421052631	199	0.18973591428389383	0.0	0	0.0025	0.49	100.0	84	84	84	0	15.07	0.0	0	0	100.0	100.0	0.0	0	0.0
plate3-C9	11.8102	95.0613	10005.887222	84074364	47.8871	100.0	40.54749197983823	150.0	150.0	48.42390989237841	204	99.33953158806705	99.27901344266432	2272	2262.2652	0.13	100.0	69431636	69431636	69431636	868518	87.81	0.1337162	0	69431636	100.0	100.0	2.1704054330507203	69431636	214.1
plate3-D10	6.30989	95.5221	1742.3588	12824274	50.0754	98.16596460313828	14.576354479951192	150.0	150.0	48.05991262741835	246	98.99947960840967	98.8684767897665	60	61.7288	0.13999999999999999	100.0	1825530	1825530	1825530	22944	45.6	0.1353864	0	1825530	100.0	100.0	1.8307012210152667	1825530	247.9
plate3-D11	8.13716	95.3483	2219.572576	15976244	47.4615	97.94679049528463	8.25679569050513	150.0	150.0	47.863917770014595	284	99.12817673777694	99.01001636047691	448	475.5429	0.15	100.0	13549114	13549114	13549114	173292	70.25	0.151012	0	13549114	100.0	100.0	3.108749398669168	13549114	288.0
plate3-D12	5.5977	94.7541	2138.674164	16291848	48.7126	100.0	20.533643574381493	150.0	150.0	49.89330387236912	256	95.99472021948179	5.597271452269381	4	6.5609	2.25	100.0	198888	198888	198888	2405	22.54	2.2469780000000004	0	198888	100.0	100.0	30.221531716342863	198888	255.9
plate3-D7	2.19979	95.3359	3850.054405	36403304	45.2783	98.84282392645936	54.867119242446115	150.0	150.0	50.0	160	0.008875664094294262	0.0	0	0.0002	0.11	100.0	6	6	6	0	50.0	0.11111109999999999	0	6	100.0	100.0	0.0	6	186.0
plate3-D8	33.3237	93.5983	8.511122	74920	51.3325	37.413607127162315	12.596380488194638	150.0	150.0	52.90372670807452	29	1.5631085749080018	0.00044626244049524223	0	0.0186	5.4399999999999995	0.4958851024729336	993	474	200248	6	19.51	0.0	0	0	0.4958851024729336	0.20574487635332186	0.09288482281970357	0	0.0
plate3-D9	13.0165	95.8513	15951.931843999999	138686708	47.5339	99.16468306375162	47.00261571024949	150.0	150.0	47.996446898872186	159	99.20032249899033	99.14332486839596	3951	3926.9408	0.11	100.0	129859660	129859660	129859660	1451988	93.09	0.11498610000000001	0	129859660	100.0	100.0	2.047079901487498	129859660	183.1
plate3-E10	3.0314	95.5557	2751.7338689999997	27586424	53.0563	98.47885246805215	61.55296328757953	150.0	150.0	48.093896713615024	104	1.0919546071762471	0.032651535229568554	0	0.0334	5.7	100.0	1466	1466	1466	7	47.87	5.7065600000000005	0	1466	100.0	100.0	23.806275579809004	1466	130.0
plate3-E11	11.562	95.0209	1444.340127	10321752	47.7041	97.12769144834212	5.404690245367645	150.0	150.0	48.07832219617925	284	98.95210141264376	98.8141071490995	188	212.1287	0.16999999999999998	100.0	6457630	6457630	6457630	76669	56.4	0.1703989	0	6457630	100.0	100.0	2.045564704078741	6457630	288.6
plate3-E12	8.45195	95.5591	1491.46212	11263440	49.1649	97.29766150927716	18.683738371686218	150.0	150.0	47.92250673854449	235	69.76614112653003	1.2540470425072412	2	2.5266	0.13999999999999999	100.0	75432	75432	75432	859	24.25	0.1438477	0	75432	100.0	100.0	2.4193976031392515	75432	232.4
plate3-E7	7.172879999999999	95.0503	1090.2186279999999	8327472	57.037800000000004	96.95361462685976	19.76458616879707	150.0	150.0	47.69059006623774	192	99.12894530086889	99.00870236551323	73	78.0467	0.16	100.0	2544186	2544186	2544186	28284	55.14	0.15689879999999998	0	2544186	100.0	100.0	1.799396742219319	2544186	196.1
plate3-E8	0.0	0.0	0.0	0	0.0			0.0	0.0														0.0	0	0				0	0.0
plate3-E9	6.0586	95.5327	1589.743507	11517762	47.708099999999995	98.08925540217426	11.222433011267809	150.0	150.0	48.17121148509581	264	99.10259102452187	98.98148035664302	354	361.9201	0.13999999999999999	100.0	10315066	10315066	10315066	134329	68.45	0.1381166	0	10315066	100.0	100.0	3.45094253395955	10315066	271.1
plate3-F10	4.41669	95.2416	1201.969607	10034452	54.173	98.04014521090481	33.395342511473324	150.0	150.0	47.637581037579565	110	99.23042042136595	99.10159933020967	98	99.1785	0.25	100.0	3814786	3814786	3814786	35428	68.13	0.2495944	0	3814786	100.0	100.0	2.4804799011006122	3814786	136.7
plate3-F11	6.02495	95.7454	2353.8436939999997	19280166	56.5766	97.84996846294248	33.61178379565692	150.0	150.0	47.54633118903966	131	99.13117661307137	99.01517317090041	136	138.397	0.18	100.0	5011496	5011496	5011496	50601	68.69	0.1780308	0	5011496	100.0	100.0	2.5248348995988423	5011496	152.1
plate3-F12	6.838279999999999	95.5156	1725.219255	12480758	51.596	98.51755866214334	10.318992794920213	150.0	150.0	50.2145023435346	257	45.07748975393833	0.5318952443547181	0	1.7464	1.87	100.0	51162	51162	51162	560	20.67	1.8653929999999999	0	51162	100.0	100.0	29.93041710644619	51162	256.1
plate3-F7	5.625299999999999	94.345	379.397919	3534790	44.0383	94.24794735239522	42.427427435434325	150.0	150.0	47.93571428571429	228	1.0917066835981941	0.0004958471561058247	0	0.0219	0.18	100.0	664	664	664	4	23.28	0.1824528	0	664	100.0	100.0	10.692771084337348	664	221.8
plate3-F8	0.0	0.0	0.0	0	0.0			0.0	0.0														0.0	0	0				0	0.0
plate3-F9	7.05501	95.2715	3202.524243	23456112	47.6815	97.71017042378585	12.349388506212915	150.0	150.0	48.146555632220135	288	99.14791145458994	99.03232948250168	696	718.3195	0.13999999999999999	100.0	20662818	20662818	20662818	262936	77.11	0.1445357	0	20662818	100.0	100.0	3.93127887977332	20662818	292.5
plate3-G10	3.74904	95.66130000000001	2243.250044	18882896	50.8841	98.98374797738234	40.05307189416402	150.0	150.0	48.13321881987418	165	99.16424961838364	99.0338666086856	368	366.8741	0.13999999999999999	100.0	12152794	12152794	12152794	134604	75.17	0.1350484	0	12152794	100.0	100.0	2.168176305794371	12152794	179.6
plate3-G11	4.689970000000001	95.13239999999999	1468.476393	11618504	50.905699999999996	98.32050009435584	27.532946262874493	150.0	150.0	47.67816954157938	191	99.13663093178853	99.01576818748774	224	229.794	0.19	100.0	7404294	7404294	7404294	84427	67.45	0.1949985	0	7404294	100.0	100.0	2.387141839586597	7404294	196.2
plate3-G12	7.82137	95.4583	1754.785142	12575484	47.5137	97.68917100314799	7.4847144665141405	150.0	150.0	47.93896588148572	294	99.10028533524599	98.97701773223807	372	390.1435	0.15	100.0	10995986	10995986	10995986	143677	68.04	0.14638579999999998	0	10995986	100.0	100.0	3.7548429035831803	10995986	298.5
plate3-G7	34.6115	95.0025	16.565814	151646	54.2308	49.615238643650784	22.710081009278767	150.0	150.0	48.31632653061226	212	0.5680177096770275	0.0	0	0.0084	0.13	100.0	252	252	252	1	20.0	0.0	0	0	100.0	100.0	0.0	0	0.0
plate3-G8	0.0	0.0	0.0	0	0.0			0.0	0.0														0.0	0	0				0	0.0
plate3-G9	7.49153	95.5834	2139.597195	15311560	47.444199999999995	98.16909882383474	7.9797126753079155	150.0	150.0	47.89959151802314	276	99.1303832576216	99.01866889335096	430	465.1401	0.15	100.0	13227106	13227106	13227106	171684	70.88	0.1450549	0	13227106	100.0	100.0	5.315425762823705	13227106	282.3
plate3-H10	3.8558000000000003	95.9897	2347.149173	22154936	49.8757	98.86933849237457	55.66379026198241	150.0	150.0	48.105002634500835	116	98.85801441477267	98.72939166247882	134	135.3486	0.13	100.0	5062922	5062922	5062922	49884	70.49	0.1319199	0	5062922	100.0	100.0	2.18249461476989	5062922	146.1
plate3-H11	8.68924	94.97630000000001	1644.0702689999998	11898212	48.7543	97.22048179579323	8.161276247346462	150.0	150.0	48.00932738184166	301	99.07068326002647	98.94612645441268	271	282.7556	0.16	100.0	8271448	8271448	8271448	103426	64.42	0.1550812	0	8271448	100.0	100.0	1.844888585408504	8271448	299.2
plate3-H7	7.8490400000000005	92.03750000000001	55.504621	496392	54.121900000000004	100.0	40.517977727280055	150.0	150.0	53.70399999999999	124	0.7325397960729401	0.018024044124446727	0	0.0231	5.6899999999999995	100.0	928	928	928	7	35.3	5.685576	0	928	100.0	100.0	81.35775862068965	928	148.4
plate3-H8	0.0	0.0	0.0	0	0.0			0.0	0.0														0.0	0	0				0	0.0
plate3-H9	6.20191	95.5531	2137.7677	15541504	47.5882	98.28653938632131	11.923368708847285	150.0	150.0	48.04910250966478	270	99.13613508463243	98.99883500710673	481	489.9396	0.13	100.0	13970338	13970338	13970338	179302	72.41	0.1343508	0	13970338	100.0	100.0	3.103768856558803	13970338	274.9
